"UMIK-1 Test 7013462 90deg" 
"Sens Factor =-1.2262dB, SERNO: 7013462"
10.0 -0.9735 0.0
10.4 -1.0353 0.0
10.8 -1.0987 0.0
11.2 -1.1632 0.0
11.7 -1.2281 0.0
12.2 -1.2928 0.0
12.6 -1.3567 0.0
13.1 -1.4189 0.0
13.7 -1.4788 0.0
14.2 -1.5355 0.0
14.8 -1.5884 0.0
15.4 -1.6368 0.0
16.0 -1.6799 0.0
16.6 -1.7171 0.0
17.3 -1.7479 0.0
18.0 -1.7719 0.0
18.7 -1.7887 0.0
19.4 -1.7980 0.0
20.2 -1.7997 0.0
21.0 -1.7938 0.0
21.9 -1.7803 0.0
22.7 -1.7595 0.0
23.6 -1.7316 0.0
24.6 -1.6972 0.0
25.6 -1.6566 0.0
26.6 -1.6105 0.0
27.6 -1.5596 0.0
28.7 -1.5044 0.0
29.9 -1.4459 0.0
31.1 -1.3846 0.0
32.3 -1.3214 0.0
33.6 -1.2569 0.0
35.0 -1.1920 0.0
36.4 -1.1273 0.0
37.8 -1.0633 0.0
39.3 -1.0007 0.0
40.9 -0.9400 0.0
42.5 -0.8816 0.0
44.2 -0.8258 0.0
46.0 -0.7729 0.0
47.8 -0.7232 0.0
49.7 -0.6768 0.0
51.7 -0.6338 0.0
53.8 -0.5942 0.0
55.9 -0.5579 0.0
58.1 -0.5250 0.0
60.4 -0.4953 0.0
62.9 -0.4686 0.0
65.4 -0.4449 0.0
68.0 -0.4238 0.0
70.7 -0.4053 0.0
73.5 -0.3891 0.0
76.4 -0.3750 0.0
79.5 -0.3628 0.0
82.7 -0.3523 0.0
85.9 -0.3434 0.0
89.4 -0.3358 0.0
92.9 -0.3294 0.0
96.6 -0.3240 0.0
100.5 -0.3195 0.0
104.5 -0.3157 0.0
108.7 -0.3127 0.0
113.0 -0.3101 0.0
117.5 -0.3081 0.0
122.2 -0.3064 0.0
127.1 -0.3050 0.0
132.2 -0.3039 0.0
137.4 -0.3031 0.0
142.9 -0.3024 0.0
148.6 -0.3018 0.0
154.5 -0.3014 0.0
160.7 -0.3011 0.0
167.1 -0.3008 0.0
173.8 -0.3006 0.0
180.7 -0.3005 0.0
187.9 -0.3003 0.0
195.4 -0.3003 0.0
203.2 -0.3002 0.0
211.3 -0.3001 0.0
219.7 -0.3001 0.0
228.5 -0.3001 0.0
237.6 -0.3001 0.0
247.1 -0.3000 0.0
256.9 -0.3000 0.0
267.2 -0.3000 0.0
277.8 -0.3000 0.0
288.9 -0.3000 0.0
300.5 -0.3000 0.0
312.4 -0.3000 0.0
324.9 -0.3000 0.0
337.9 -0.3000 0.0
351.3 -0.3000 0.0
365.4 -0.3000 0.0
379.9 -0.3000 0.0
395.1 -0.3000 0.0
410.8 -0.3000 0.0
427.2 -0.3000 0.0
444.3 -0.3000 0.0
462.0 -0.3000 0.0
480.4 -0.3000 0.0
499.6 -0.3000 0.0
519.5 -0.3000 0.0
540.2 -0.3000 0.0
561.8 -0.3000 0.0
584.2 -0.3000 0.0
607.5 -0.3000 0.0
631.7 -0.3000 0.0
656.9 -0.3000 0.0
683.1 -0.3000 0.0
710.4 -0.3000 0.0
738.7 -0.3000 0.0
768.1 -0.3000 0.0
798.8 -0.3000 0.0
830.6 -0.3000 0.0
863.8 -0.3000 0.0
898.2 -0.2999 0.0
934.1 -0.2999 0.0
971.3 -0.2999 0.0
1010.1 -0.2998 0.0
1050.3 -0.2998 0.0
1092.2 -0.2997 0.0
1135.8 -0.2996 0.0
1181.1 -0.2994 0.0
1228.2 -0.2992 0.0
1277.2 -0.2989 0.0
1328.2 -0.2985 0.0
1381.1 -0.2980 0.0
1436.2 -0.2974 0.0
1493.5 -0.2965 0.0
1553.1 -0.2954 0.0
1615.0 -0.2940 0.0
1679.4 -0.2922 0.0
1746.4 -0.2898 0.0
1816.1 -0.2869 0.0
1888.5 -0.2832 0.0
1963.8 -0.2786 0.0
2042.2 -0.2730 0.0
2123.6 -0.2660 0.0
2208.3 -0.2576 0.0
2296.4 -0.2473 0.0
2388.0 -0.2349 0.0
2483.3 -0.2202 0.0
2582.3 -0.2026 0.0
2685.3 -0.1820 0.0
2792.4 -0.1578 0.0
2903.8 -0.1298 0.0
3019.6 -0.0975 0.0
3140.1 -0.0605 0.0
3265.3 -0.0184 0.0
3395.6 0.0290 0.0
3531.0 0.0820 0.0
3671.8 0.1408 0.0
3818.3 0.2057 0.0
3970.6 0.2765 0.0
4129.0 0.3532 0.0
4293.7 0.4357 0.0
4464.9 0.5234 0.0
4643.0 0.6161 0.0
4828.2 0.7129 0.0
5020.8 0.8131 0.0
5221.0 0.9158 0.0
5429.3 1.0199 0.0
5645.9 1.1242 0.0
5871.0 1.2273 0.0
6105.2 1.3278 0.0
6348.7 1.4244 0.0
6602.0 1.5156 0.0
6865.3 1.6000 0.0
7139.1 1.6761 0.0
7423.9 1.7428 0.0
7720.0 1.7988 0.0
8027.9 1.8433 0.0
8348.1 1.8753 0.0
8681.1 1.8943 0.0
9027.4 1.9000 0.0
9387.4 1.8922 0.0
9761.9 1.8711 0.0
10151.3 1.8372 0.0
10556.1 1.7909 0.0
10977.2 1.7331 0.0
11415.0 1.6649 0.0
11870.3 1.5874 0.0
12343.8 1.5019 0.0
12836.2 1.4097 0.0
13348.2 1.3124 0.0
13880.6 1.2114 0.0
14434.2 1.1080 0.0
15010.0 1.0037 0.0
15608.7 0.8998 0.0
16231.2 0.7974 0.0
16878.6 0.6976 0.0
17551.9 0.6014 0.0
18252.0 0.5095 0.0
18980.0 0.4225 0.0
19737.0 0.3409 0.0
20524.3 0.2651 0.0
21342.9 0.1952 0.0
22194.2 0.1313 0.0
23079.4 0.0734 0.0
24000.0 0.0212 0.0